Accurracy: 66.83417085427136 
 Presicion: 61.0 
 Recall: 69.31818181818183